{
 "cells": [
  {
   "cell_type": "code",
   "execution_count": 6,
   "id": "7acac99a",
   "metadata": {},
   "outputs": [
    {
     "name": "stdout",
     "output_type": "stream",
     "text": [
      "(1482, 19)\n",
      "['year', 'hname', 'aname', 'hgoals', 'agoals', 'hPossesion', 'aPossesion', 'hshotsOnTarget', 'ashotsOnTarget', 'hshots', 'ashots', 'hyellowCards', 'ayellowCards', 'hredCards', 'aredCards', 'hfouls', 'afouls', 'hsaves', 'asaves']\n",
      "<class 'pandas.core.frame.DataFrame'>\n",
      "RangeIndex: 1482 entries, 0 to 1481\n",
      "Data columns (total 19 columns):\n",
      " #   Column          Non-Null Count  Dtype \n",
      "---  ------          --------------  ----- \n",
      " 0   year            1482 non-null   int64 \n",
      " 1   hname           1482 non-null   object\n",
      " 2   aname           1482 non-null   object\n",
      " 3   hgoals          1482 non-null   int64 \n",
      " 4   agoals          1482 non-null   int64 \n",
      " 5   hPossesion      1482 non-null   int64 \n",
      " 6   aPossesion      1482 non-null   int64 \n",
      " 7   hshotsOnTarget  1482 non-null   int64 \n",
      " 8   ashotsOnTarget  1482 non-null   int64 \n",
      " 9   hshots          1482 non-null   int64 \n",
      " 10  ashots          1482 non-null   int64 \n",
      " 11  hyellowCards    1482 non-null   int64 \n",
      " 12  ayellowCards    1482 non-null   int64 \n",
      " 13  hredCards       1482 non-null   int64 \n",
      " 14  aredCards       1482 non-null   int64 \n",
      " 15  hfouls          1482 non-null   int64 \n",
      " 16  afouls          1482 non-null   int64 \n",
      " 17  hsaves          1482 non-null   int64 \n",
      " 18  asaves          1482 non-null   int64 \n",
      "dtypes: int64(17), object(2)\n",
      "memory usage: 220.1+ KB\n"
     ]
    }
   ],
   "source": [
    "import pandas as pd\n",
    "import numpy as np\n",
    "from sklearn import preprocessing\n",
    "import matplotlib.pyplot as plt\n",
    "from sklearn.linear_model import LogisticRegression\n",
    "from sklearn.model_selection import train_test_split\n",
    "import seaborn as sb\n",
    "\n",
    "football=pd.read_csv(\"FIFAallMatchBoxData.csv\")\n",
    "football.head(3)\n",
    "print(football.shape)\n",
    "print(list(football.columns))\n",
    "football.head()\n",
    "football.info()\n",
    "#we can create a multi-linear regression with indepedent variables of aPossesion/hPossesion, hshots/ashots"
   ]
  },
  {
   "cell_type": "code",
   "execution_count": 3,
   "id": "d74c7660",
   "metadata": {},
   "outputs": [
    {
     "data": {
      "text/plain": [
       "year              0\n",
       "hname             0\n",
       "aname             0\n",
       "hgoals            0\n",
       "agoals            0\n",
       "hPossesion        0\n",
       "aPossesion        0\n",
       "hshotsOnTarget    0\n",
       "ashotsOnTarget    0\n",
       "hshots            0\n",
       "ashots            0\n",
       "hyellowCards      0\n",
       "ayellowCards      0\n",
       "hredCards         0\n",
       "aredCards         0\n",
       "hfouls            0\n",
       "afouls            0\n",
       "hsaves            0\n",
       "asaves            0\n",
       "dtype: int64"
      ]
     },
     "execution_count": 3,
     "metadata": {},
     "output_type": "execute_result"
    }
   ],
   "source": [
    "football.isna().sum()"
   ]
  },
  {
   "cell_type": "code",
   "execution_count": 4,
   "id": "cd710355",
   "metadata": {},
   "outputs": [
    {
     "data": {
      "text/html": [
       "<div>\n",
       "<style scoped>\n",
       "    .dataframe tbody tr th:only-of-type {\n",
       "        vertical-align: middle;\n",
       "    }\n",
       "\n",
       "    .dataframe tbody tr th {\n",
       "        vertical-align: top;\n",
       "    }\n",
       "\n",
       "    .dataframe thead th {\n",
       "        text-align: right;\n",
       "    }\n",
       "</style>\n",
       "<table border=\"1\" class=\"dataframe\">\n",
       "  <thead>\n",
       "    <tr style=\"text-align: right;\">\n",
       "      <th></th>\n",
       "      <th>year</th>\n",
       "      <th>hgoals</th>\n",
       "      <th>agoals</th>\n",
       "      <th>hPossesion</th>\n",
       "      <th>aPossesion</th>\n",
       "      <th>hshotsOnTarget</th>\n",
       "      <th>ashotsOnTarget</th>\n",
       "      <th>hshots</th>\n",
       "      <th>ashots</th>\n",
       "      <th>hyellowCards</th>\n",
       "      <th>ayellowCards</th>\n",
       "      <th>hredCards</th>\n",
       "      <th>aredCards</th>\n",
       "      <th>hfouls</th>\n",
       "      <th>afouls</th>\n",
       "      <th>hsaves</th>\n",
       "      <th>asaves</th>\n",
       "    </tr>\n",
       "  </thead>\n",
       "  <tbody>\n",
       "    <tr>\n",
       "      <th>count</th>\n",
       "      <td>1482.000000</td>\n",
       "      <td>1482.000000</td>\n",
       "      <td>1482.000000</td>\n",
       "      <td>1482.000000</td>\n",
       "      <td>1482.000000</td>\n",
       "      <td>1482.000000</td>\n",
       "      <td>1482.000000</td>\n",
       "      <td>1482.000000</td>\n",
       "      <td>1482.000000</td>\n",
       "      <td>1482.000000</td>\n",
       "      <td>1482.000000</td>\n",
       "      <td>1482.000000</td>\n",
       "      <td>1482.000000</td>\n",
       "      <td>1482.000000</td>\n",
       "      <td>1482.000000</td>\n",
       "      <td>1482.000000</td>\n",
       "      <td>1482.000000</td>\n",
       "    </tr>\n",
       "    <tr>\n",
       "      <th>mean</th>\n",
       "      <td>2013.495277</td>\n",
       "      <td>1.540486</td>\n",
       "      <td>1.185560</td>\n",
       "      <td>44.704453</td>\n",
       "      <td>41.122807</td>\n",
       "      <td>4.908232</td>\n",
       "      <td>3.877193</td>\n",
       "      <td>12.438596</td>\n",
       "      <td>10.016194</td>\n",
       "      <td>1.759784</td>\n",
       "      <td>1.992578</td>\n",
       "      <td>0.101889</td>\n",
       "      <td>0.110661</td>\n",
       "      <td>13.082996</td>\n",
       "      <td>13.165317</td>\n",
       "      <td>2.859649</td>\n",
       "      <td>3.547233</td>\n",
       "    </tr>\n",
       "    <tr>\n",
       "      <th>std</th>\n",
       "      <td>4.597541</td>\n",
       "      <td>1.474077</td>\n",
       "      <td>1.402219</td>\n",
       "      <td>21.849874</td>\n",
       "      <td>20.656505</td>\n",
       "      <td>3.320544</td>\n",
       "      <td>2.964755</td>\n",
       "      <td>6.675103</td>\n",
       "      <td>5.889003</td>\n",
       "      <td>1.333737</td>\n",
       "      <td>1.353446</td>\n",
       "      <td>0.322062</td>\n",
       "      <td>0.336655</td>\n",
       "      <td>5.471354</td>\n",
       "      <td>5.407531</td>\n",
       "      <td>2.306203</td>\n",
       "      <td>2.597614</td>\n",
       "    </tr>\n",
       "    <tr>\n",
       "      <th>min</th>\n",
       "      <td>2002.000000</td>\n",
       "      <td>0.000000</td>\n",
       "      <td>0.000000</td>\n",
       "      <td>0.000000</td>\n",
       "      <td>0.000000</td>\n",
       "      <td>0.000000</td>\n",
       "      <td>0.000000</td>\n",
       "      <td>0.000000</td>\n",
       "      <td>0.000000</td>\n",
       "      <td>0.000000</td>\n",
       "      <td>0.000000</td>\n",
       "      <td>0.000000</td>\n",
       "      <td>0.000000</td>\n",
       "      <td>0.000000</td>\n",
       "      <td>0.000000</td>\n",
       "      <td>0.000000</td>\n",
       "      <td>0.000000</td>\n",
       "    </tr>\n",
       "    <tr>\n",
       "      <th>25%</th>\n",
       "      <td>2010.000000</td>\n",
       "      <td>0.000000</td>\n",
       "      <td>0.000000</td>\n",
       "      <td>37.000000</td>\n",
       "      <td>32.000000</td>\n",
       "      <td>3.000000</td>\n",
       "      <td>2.000000</td>\n",
       "      <td>8.000000</td>\n",
       "      <td>6.000000</td>\n",
       "      <td>1.000000</td>\n",
       "      <td>1.000000</td>\n",
       "      <td>0.000000</td>\n",
       "      <td>0.000000</td>\n",
       "      <td>10.000000</td>\n",
       "      <td>10.000000</td>\n",
       "      <td>1.000000</td>\n",
       "      <td>2.000000</td>\n",
       "    </tr>\n",
       "    <tr>\n",
       "      <th>50%</th>\n",
       "      <td>2013.000000</td>\n",
       "      <td>1.000000</td>\n",
       "      <td>1.000000</td>\n",
       "      <td>50.000000</td>\n",
       "      <td>45.500000</td>\n",
       "      <td>4.000000</td>\n",
       "      <td>3.000000</td>\n",
       "      <td>12.000000</td>\n",
       "      <td>9.000000</td>\n",
       "      <td>2.000000</td>\n",
       "      <td>2.000000</td>\n",
       "      <td>0.000000</td>\n",
       "      <td>0.000000</td>\n",
       "      <td>13.000000</td>\n",
       "      <td>13.000000</td>\n",
       "      <td>2.000000</td>\n",
       "      <td>3.000000</td>\n",
       "    </tr>\n",
       "    <tr>\n",
       "      <th>75%</th>\n",
       "      <td>2017.000000</td>\n",
       "      <td>2.000000</td>\n",
       "      <td>2.000000</td>\n",
       "      <td>59.000000</td>\n",
       "      <td>55.000000</td>\n",
       "      <td>7.000000</td>\n",
       "      <td>5.000000</td>\n",
       "      <td>16.000000</td>\n",
       "      <td>13.000000</td>\n",
       "      <td>3.000000</td>\n",
       "      <td>3.000000</td>\n",
       "      <td>0.000000</td>\n",
       "      <td>0.000000</td>\n",
       "      <td>17.000000</td>\n",
       "      <td>17.000000</td>\n",
       "      <td>4.000000</td>\n",
       "      <td>5.000000</td>\n",
       "    </tr>\n",
       "    <tr>\n",
       "      <th>max</th>\n",
       "      <td>2021.000000</td>\n",
       "      <td>10.000000</td>\n",
       "      <td>13.000000</td>\n",
       "      <td>86.000000</td>\n",
       "      <td>85.000000</td>\n",
       "      <td>26.000000</td>\n",
       "      <td>19.000000</td>\n",
       "      <td>40.000000</td>\n",
       "      <td>44.000000</td>\n",
       "      <td>8.000000</td>\n",
       "      <td>7.000000</td>\n",
       "      <td>2.000000</td>\n",
       "      <td>2.000000</td>\n",
       "      <td>31.000000</td>\n",
       "      <td>30.000000</td>\n",
       "      <td>17.000000</td>\n",
       "      <td>15.000000</td>\n",
       "    </tr>\n",
       "  </tbody>\n",
       "</table>\n",
       "</div>"
      ],
      "text/plain": [
       "              year       hgoals       agoals   hPossesion   aPossesion  \\\n",
       "count  1482.000000  1482.000000  1482.000000  1482.000000  1482.000000   \n",
       "mean   2013.495277     1.540486     1.185560    44.704453    41.122807   \n",
       "std       4.597541     1.474077     1.402219    21.849874    20.656505   \n",
       "min    2002.000000     0.000000     0.000000     0.000000     0.000000   \n",
       "25%    2010.000000     0.000000     0.000000    37.000000    32.000000   \n",
       "50%    2013.000000     1.000000     1.000000    50.000000    45.500000   \n",
       "75%    2017.000000     2.000000     2.000000    59.000000    55.000000   \n",
       "max    2021.000000    10.000000    13.000000    86.000000    85.000000   \n",
       "\n",
       "       hshotsOnTarget  ashotsOnTarget       hshots       ashots  hyellowCards  \\\n",
       "count     1482.000000     1482.000000  1482.000000  1482.000000   1482.000000   \n",
       "mean         4.908232        3.877193    12.438596    10.016194      1.759784   \n",
       "std          3.320544        2.964755     6.675103     5.889003      1.333737   \n",
       "min          0.000000        0.000000     0.000000     0.000000      0.000000   \n",
       "25%          3.000000        2.000000     8.000000     6.000000      1.000000   \n",
       "50%          4.000000        3.000000    12.000000     9.000000      2.000000   \n",
       "75%          7.000000        5.000000    16.000000    13.000000      3.000000   \n",
       "max         26.000000       19.000000    40.000000    44.000000      8.000000   \n",
       "\n",
       "       ayellowCards    hredCards    aredCards       hfouls       afouls  \\\n",
       "count   1482.000000  1482.000000  1482.000000  1482.000000  1482.000000   \n",
       "mean       1.992578     0.101889     0.110661    13.082996    13.165317   \n",
       "std        1.353446     0.322062     0.336655     5.471354     5.407531   \n",
       "min        0.000000     0.000000     0.000000     0.000000     0.000000   \n",
       "25%        1.000000     0.000000     0.000000    10.000000    10.000000   \n",
       "50%        2.000000     0.000000     0.000000    13.000000    13.000000   \n",
       "75%        3.000000     0.000000     0.000000    17.000000    17.000000   \n",
       "max        7.000000     2.000000     2.000000    31.000000    30.000000   \n",
       "\n",
       "            hsaves       asaves  \n",
       "count  1482.000000  1482.000000  \n",
       "mean      2.859649     3.547233  \n",
       "std       2.306203     2.597614  \n",
       "min       0.000000     0.000000  \n",
       "25%       1.000000     2.000000  \n",
       "50%       2.000000     3.000000  \n",
       "75%       4.000000     5.000000  \n",
       "max      17.000000    15.000000  "
      ]
     },
     "execution_count": 4,
     "metadata": {},
     "output_type": "execute_result"
    }
   ],
   "source": [
    "football.describe()"
   ]
  },
  {
   "cell_type": "code",
   "execution_count": 8,
   "id": "761a1ae2",
   "metadata": {},
   "outputs": [
    {
     "data": {
      "text/html": [
       "<div>\n",
       "<style scoped>\n",
       "    .dataframe tbody tr th:only-of-type {\n",
       "        vertical-align: middle;\n",
       "    }\n",
       "\n",
       "    .dataframe tbody tr th {\n",
       "        vertical-align: top;\n",
       "    }\n",
       "\n",
       "    .dataframe thead th {\n",
       "        text-align: right;\n",
       "    }\n",
       "</style>\n",
       "<table border=\"1\" class=\"dataframe\">\n",
       "  <thead>\n",
       "    <tr style=\"text-align: right;\">\n",
       "      <th></th>\n",
       "      <th>year</th>\n",
       "      <th>hgoals</th>\n",
       "      <th>agoals</th>\n",
       "      <th>hPossesion</th>\n",
       "      <th>aPossesion</th>\n",
       "      <th>hshotsOnTarget</th>\n",
       "      <th>ashotsOnTarget</th>\n",
       "      <th>hshots</th>\n",
       "      <th>ashots</th>\n",
       "      <th>hyellowCards</th>\n",
       "      <th>ayellowCards</th>\n",
       "      <th>hredCards</th>\n",
       "      <th>aredCards</th>\n",
       "      <th>hfouls</th>\n",
       "      <th>afouls</th>\n",
       "      <th>hsaves</th>\n",
       "      <th>asaves</th>\n",
       "    </tr>\n",
       "  </thead>\n",
       "  <tbody>\n",
       "    <tr>\n",
       "      <th>year</th>\n",
       "      <td>1.000000</td>\n",
       "      <td>0.037590</td>\n",
       "      <td>0.087959</td>\n",
       "      <td>0.295950</td>\n",
       "      <td>0.288497</td>\n",
       "      <td>-0.115246</td>\n",
       "      <td>-0.103228</td>\n",
       "      <td>0.046162</td>\n",
       "      <td>0.010751</td>\n",
       "      <td>-0.069228</td>\n",
       "      <td>-0.103255</td>\n",
       "      <td>-0.035472</td>\n",
       "      <td>-0.113087</td>\n",
       "      <td>-0.110428</td>\n",
       "      <td>-0.137083</td>\n",
       "      <td>-0.229639</td>\n",
       "      <td>-0.242701</td>\n",
       "    </tr>\n",
       "    <tr>\n",
       "      <th>hgoals</th>\n",
       "      <td>0.037590</td>\n",
       "      <td>1.000000</td>\n",
       "      <td>-0.244882</td>\n",
       "      <td>0.179468</td>\n",
       "      <td>-0.222248</td>\n",
       "      <td>0.526617</td>\n",
       "      <td>-0.270477</td>\n",
       "      <td>0.382480</td>\n",
       "      <td>-0.291527</td>\n",
       "      <td>-0.205237</td>\n",
       "      <td>0.063270</td>\n",
       "      <td>-0.130300</td>\n",
       "      <td>0.075325</td>\n",
       "      <td>-0.137257</td>\n",
       "      <td>-0.022653</td>\n",
       "      <td>-0.232503</td>\n",
       "      <td>0.212607</td>\n",
       "    </tr>\n",
       "    <tr>\n",
       "      <th>agoals</th>\n",
       "      <td>0.087959</td>\n",
       "      <td>-0.244882</td>\n",
       "      <td>1.000000</td>\n",
       "      <td>-0.155056</td>\n",
       "      <td>0.236338</td>\n",
       "      <td>-0.245915</td>\n",
       "      <td>0.539361</td>\n",
       "      <td>-0.260827</td>\n",
       "      <td>0.413058</td>\n",
       "      <td>0.144078</td>\n",
       "      <td>-0.169695</td>\n",
       "      <td>0.119584</td>\n",
       "      <td>-0.100743</td>\n",
       "      <td>0.013217</td>\n",
       "      <td>-0.109305</td>\n",
       "      <td>0.210595</td>\n",
       "      <td>-0.234592</td>\n",
       "    </tr>\n",
       "    <tr>\n",
       "      <th>hPossesion</th>\n",
       "      <td>0.295950</td>\n",
       "      <td>0.179468</td>\n",
       "      <td>-0.155056</td>\n",
       "      <td>1.000000</td>\n",
       "      <td>0.346589</td>\n",
       "      <td>0.341612</td>\n",
       "      <td>-0.122774</td>\n",
       "      <td>0.524708</td>\n",
       "      <td>-0.061668</td>\n",
       "      <td>-0.149127</td>\n",
       "      <td>-0.003316</td>\n",
       "      <td>-0.086105</td>\n",
       "      <td>-0.045027</td>\n",
       "      <td>0.091529</td>\n",
       "      <td>0.209454</td>\n",
       "      <td>-0.092559</td>\n",
       "      <td>0.312947</td>\n",
       "    </tr>\n",
       "    <tr>\n",
       "      <th>aPossesion</th>\n",
       "      <td>0.288497</td>\n",
       "      <td>-0.222248</td>\n",
       "      <td>0.236338</td>\n",
       "      <td>0.346589</td>\n",
       "      <td>1.000000</td>\n",
       "      <td>-0.162038</td>\n",
       "      <td>0.369227</td>\n",
       "      <td>-0.107449</td>\n",
       "      <td>0.552782</td>\n",
       "      <td>0.107855</td>\n",
       "      <td>-0.157316</td>\n",
       "      <td>0.064699</td>\n",
       "      <td>-0.095945</td>\n",
       "      <td>0.263279</td>\n",
       "      <td>0.110077</td>\n",
       "      <td>0.316909</td>\n",
       "      <td>-0.130955</td>\n",
       "    </tr>\n",
       "    <tr>\n",
       "      <th>hshotsOnTarget</th>\n",
       "      <td>-0.115246</td>\n",
       "      <td>0.526617</td>\n",
       "      <td>-0.245915</td>\n",
       "      <td>0.341612</td>\n",
       "      <td>-0.162038</td>\n",
       "      <td>1.000000</td>\n",
       "      <td>-0.129062</td>\n",
       "      <td>0.777171</td>\n",
       "      <td>-0.187110</td>\n",
       "      <td>-0.159579</td>\n",
       "      <td>0.088191</td>\n",
       "      <td>-0.096693</td>\n",
       "      <td>0.114794</td>\n",
       "      <td>0.024614</td>\n",
       "      <td>0.160964</td>\n",
       "      <td>-0.127242</td>\n",
       "      <td>0.810094</td>\n",
       "    </tr>\n",
       "    <tr>\n",
       "      <th>ashotsOnTarget</th>\n",
       "      <td>-0.103228</td>\n",
       "      <td>-0.270477</td>\n",
       "      <td>0.539361</td>\n",
       "      <td>-0.122774</td>\n",
       "      <td>0.369227</td>\n",
       "      <td>-0.129062</td>\n",
       "      <td>1.000000</td>\n",
       "      <td>-0.206086</td>\n",
       "      <td>0.782249</td>\n",
       "      <td>0.162953</td>\n",
       "      <td>-0.134005</td>\n",
       "      <td>0.144645</td>\n",
       "      <td>-0.049290</td>\n",
       "      <td>0.198101</td>\n",
       "      <td>0.070760</td>\n",
       "      <td>0.812502</td>\n",
       "      <td>-0.138301</td>\n",
       "    </tr>\n",
       "    <tr>\n",
       "      <th>hshots</th>\n",
       "      <td>0.046162</td>\n",
       "      <td>0.382480</td>\n",
       "      <td>-0.260827</td>\n",
       "      <td>0.524708</td>\n",
       "      <td>-0.107449</td>\n",
       "      <td>0.777171</td>\n",
       "      <td>-0.206086</td>\n",
       "      <td>1.000000</td>\n",
       "      <td>-0.205359</td>\n",
       "      <td>-0.158122</td>\n",
       "      <td>0.085712</td>\n",
       "      <td>-0.102778</td>\n",
       "      <td>0.093167</td>\n",
       "      <td>0.038549</td>\n",
       "      <td>0.189131</td>\n",
       "      <td>-0.206361</td>\n",
       "      <td>0.663652</td>\n",
       "    </tr>\n",
       "    <tr>\n",
       "      <th>ashots</th>\n",
       "      <td>0.010751</td>\n",
       "      <td>-0.291527</td>\n",
       "      <td>0.413058</td>\n",
       "      <td>-0.061668</td>\n",
       "      <td>0.552782</td>\n",
       "      <td>-0.187110</td>\n",
       "      <td>0.782249</td>\n",
       "      <td>-0.205359</td>\n",
       "      <td>1.000000</td>\n",
       "      <td>0.194180</td>\n",
       "      <td>-0.139596</td>\n",
       "      <td>0.148298</td>\n",
       "      <td>-0.061868</td>\n",
       "      <td>0.267881</td>\n",
       "      <td>0.099847</td>\n",
       "      <td>0.649522</td>\n",
       "      <td>-0.183229</td>\n",
       "    </tr>\n",
       "    <tr>\n",
       "      <th>hyellowCards</th>\n",
       "      <td>-0.069228</td>\n",
       "      <td>-0.205237</td>\n",
       "      <td>0.144078</td>\n",
       "      <td>-0.149127</td>\n",
       "      <td>0.107855</td>\n",
       "      <td>-0.159579</td>\n",
       "      <td>0.162953</td>\n",
       "      <td>-0.158122</td>\n",
       "      <td>0.194180</td>\n",
       "      <td>1.000000</td>\n",
       "      <td>0.167710</td>\n",
       "      <td>0.127756</td>\n",
       "      <td>0.156990</td>\n",
       "      <td>0.364339</td>\n",
       "      <td>0.134052</td>\n",
       "      <td>0.165746</td>\n",
       "      <td>-0.093001</td>\n",
       "    </tr>\n",
       "    <tr>\n",
       "      <th>ayellowCards</th>\n",
       "      <td>-0.103255</td>\n",
       "      <td>0.063270</td>\n",
       "      <td>-0.169695</td>\n",
       "      <td>-0.003316</td>\n",
       "      <td>-0.157316</td>\n",
       "      <td>0.088191</td>\n",
       "      <td>-0.134005</td>\n",
       "      <td>0.085712</td>\n",
       "      <td>-0.139596</td>\n",
       "      <td>0.167710</td>\n",
       "      <td>1.000000</td>\n",
       "      <td>0.043560</td>\n",
       "      <td>0.115910</td>\n",
       "      <td>0.108134</td>\n",
       "      <td>0.347059</td>\n",
       "      <td>-0.077995</td>\n",
       "      <td>0.096608</td>\n",
       "    </tr>\n",
       "    <tr>\n",
       "      <th>hredCards</th>\n",
       "      <td>-0.035472</td>\n",
       "      <td>-0.130300</td>\n",
       "      <td>0.119584</td>\n",
       "      <td>-0.086105</td>\n",
       "      <td>0.064699</td>\n",
       "      <td>-0.096693</td>\n",
       "      <td>0.144645</td>\n",
       "      <td>-0.102778</td>\n",
       "      <td>0.148298</td>\n",
       "      <td>0.127756</td>\n",
       "      <td>0.043560</td>\n",
       "      <td>1.000000</td>\n",
       "      <td>0.157497</td>\n",
       "      <td>0.100574</td>\n",
       "      <td>0.055845</td>\n",
       "      <td>0.092903</td>\n",
       "      <td>-0.084449</td>\n",
       "    </tr>\n",
       "    <tr>\n",
       "      <th>aredCards</th>\n",
       "      <td>-0.113087</td>\n",
       "      <td>0.075325</td>\n",
       "      <td>-0.100743</td>\n",
       "      <td>-0.045027</td>\n",
       "      <td>-0.095945</td>\n",
       "      <td>0.114794</td>\n",
       "      <td>-0.049290</td>\n",
       "      <td>0.093167</td>\n",
       "      <td>-0.061868</td>\n",
       "      <td>0.156990</td>\n",
       "      <td>0.115910</td>\n",
       "      <td>0.157497</td>\n",
       "      <td>1.000000</td>\n",
       "      <td>0.077490</td>\n",
       "      <td>0.126437</td>\n",
       "      <td>-0.008682</td>\n",
       "      <td>0.109837</td>\n",
       "    </tr>\n",
       "    <tr>\n",
       "      <th>hfouls</th>\n",
       "      <td>-0.110428</td>\n",
       "      <td>-0.137257</td>\n",
       "      <td>0.013217</td>\n",
       "      <td>0.091529</td>\n",
       "      <td>0.263279</td>\n",
       "      <td>0.024614</td>\n",
       "      <td>0.198101</td>\n",
       "      <td>0.038549</td>\n",
       "      <td>0.267881</td>\n",
       "      <td>0.364339</td>\n",
       "      <td>0.108134</td>\n",
       "      <td>0.100574</td>\n",
       "      <td>0.077490</td>\n",
       "      <td>1.000000</td>\n",
       "      <td>0.443330</td>\n",
       "      <td>0.171628</td>\n",
       "      <td>0.008679</td>\n",
       "    </tr>\n",
       "    <tr>\n",
       "      <th>afouls</th>\n",
       "      <td>-0.137083</td>\n",
       "      <td>-0.022653</td>\n",
       "      <td>-0.109305</td>\n",
       "      <td>0.209454</td>\n",
       "      <td>0.110077</td>\n",
       "      <td>0.160964</td>\n",
       "      <td>0.070760</td>\n",
       "      <td>0.189131</td>\n",
       "      <td>0.099847</td>\n",
       "      <td>0.134052</td>\n",
       "      <td>0.347059</td>\n",
       "      <td>0.055845</td>\n",
       "      <td>0.126437</td>\n",
       "      <td>0.443330</td>\n",
       "      <td>1.000000</td>\n",
       "      <td>0.071003</td>\n",
       "      <td>0.150262</td>\n",
       "    </tr>\n",
       "    <tr>\n",
       "      <th>hsaves</th>\n",
       "      <td>-0.229639</td>\n",
       "      <td>-0.232503</td>\n",
       "      <td>0.210595</td>\n",
       "      <td>-0.092559</td>\n",
       "      <td>0.316909</td>\n",
       "      <td>-0.127242</td>\n",
       "      <td>0.812502</td>\n",
       "      <td>-0.206361</td>\n",
       "      <td>0.649522</td>\n",
       "      <td>0.165746</td>\n",
       "      <td>-0.077995</td>\n",
       "      <td>0.092903</td>\n",
       "      <td>-0.008682</td>\n",
       "      <td>0.171628</td>\n",
       "      <td>0.071003</td>\n",
       "      <td>1.000000</td>\n",
       "      <td>-0.023577</td>\n",
       "    </tr>\n",
       "    <tr>\n",
       "      <th>asaves</th>\n",
       "      <td>-0.242701</td>\n",
       "      <td>0.212607</td>\n",
       "      <td>-0.234592</td>\n",
       "      <td>0.312947</td>\n",
       "      <td>-0.130955</td>\n",
       "      <td>0.810094</td>\n",
       "      <td>-0.138301</td>\n",
       "      <td>0.663652</td>\n",
       "      <td>-0.183229</td>\n",
       "      <td>-0.093001</td>\n",
       "      <td>0.096608</td>\n",
       "      <td>-0.084449</td>\n",
       "      <td>0.109837</td>\n",
       "      <td>0.008679</td>\n",
       "      <td>0.150262</td>\n",
       "      <td>-0.023577</td>\n",
       "      <td>1.000000</td>\n",
       "    </tr>\n",
       "  </tbody>\n",
       "</table>\n",
       "</div>"
      ],
      "text/plain": [
       "                    year    hgoals    agoals  hPossesion  aPossesion  \\\n",
       "year            1.000000  0.037590  0.087959    0.295950    0.288497   \n",
       "hgoals          0.037590  1.000000 -0.244882    0.179468   -0.222248   \n",
       "agoals          0.087959 -0.244882  1.000000   -0.155056    0.236338   \n",
       "hPossesion      0.295950  0.179468 -0.155056    1.000000    0.346589   \n",
       "aPossesion      0.288497 -0.222248  0.236338    0.346589    1.000000   \n",
       "hshotsOnTarget -0.115246  0.526617 -0.245915    0.341612   -0.162038   \n",
       "ashotsOnTarget -0.103228 -0.270477  0.539361   -0.122774    0.369227   \n",
       "hshots          0.046162  0.382480 -0.260827    0.524708   -0.107449   \n",
       "ashots          0.010751 -0.291527  0.413058   -0.061668    0.552782   \n",
       "hyellowCards   -0.069228 -0.205237  0.144078   -0.149127    0.107855   \n",
       "ayellowCards   -0.103255  0.063270 -0.169695   -0.003316   -0.157316   \n",
       "hredCards      -0.035472 -0.130300  0.119584   -0.086105    0.064699   \n",
       "aredCards      -0.113087  0.075325 -0.100743   -0.045027   -0.095945   \n",
       "hfouls         -0.110428 -0.137257  0.013217    0.091529    0.263279   \n",
       "afouls         -0.137083 -0.022653 -0.109305    0.209454    0.110077   \n",
       "hsaves         -0.229639 -0.232503  0.210595   -0.092559    0.316909   \n",
       "asaves         -0.242701  0.212607 -0.234592    0.312947   -0.130955   \n",
       "\n",
       "                hshotsOnTarget  ashotsOnTarget    hshots    ashots  \\\n",
       "year                 -0.115246       -0.103228  0.046162  0.010751   \n",
       "hgoals                0.526617       -0.270477  0.382480 -0.291527   \n",
       "agoals               -0.245915        0.539361 -0.260827  0.413058   \n",
       "hPossesion            0.341612       -0.122774  0.524708 -0.061668   \n",
       "aPossesion           -0.162038        0.369227 -0.107449  0.552782   \n",
       "hshotsOnTarget        1.000000       -0.129062  0.777171 -0.187110   \n",
       "ashotsOnTarget       -0.129062        1.000000 -0.206086  0.782249   \n",
       "hshots                0.777171       -0.206086  1.000000 -0.205359   \n",
       "ashots               -0.187110        0.782249 -0.205359  1.000000   \n",
       "hyellowCards         -0.159579        0.162953 -0.158122  0.194180   \n",
       "ayellowCards          0.088191       -0.134005  0.085712 -0.139596   \n",
       "hredCards            -0.096693        0.144645 -0.102778  0.148298   \n",
       "aredCards             0.114794       -0.049290  0.093167 -0.061868   \n",
       "hfouls                0.024614        0.198101  0.038549  0.267881   \n",
       "afouls                0.160964        0.070760  0.189131  0.099847   \n",
       "hsaves               -0.127242        0.812502 -0.206361  0.649522   \n",
       "asaves                0.810094       -0.138301  0.663652 -0.183229   \n",
       "\n",
       "                hyellowCards  ayellowCards  hredCards  aredCards    hfouls  \\\n",
       "year               -0.069228     -0.103255  -0.035472  -0.113087 -0.110428   \n",
       "hgoals             -0.205237      0.063270  -0.130300   0.075325 -0.137257   \n",
       "agoals              0.144078     -0.169695   0.119584  -0.100743  0.013217   \n",
       "hPossesion         -0.149127     -0.003316  -0.086105  -0.045027  0.091529   \n",
       "aPossesion          0.107855     -0.157316   0.064699  -0.095945  0.263279   \n",
       "hshotsOnTarget     -0.159579      0.088191  -0.096693   0.114794  0.024614   \n",
       "ashotsOnTarget      0.162953     -0.134005   0.144645  -0.049290  0.198101   \n",
       "hshots             -0.158122      0.085712  -0.102778   0.093167  0.038549   \n",
       "ashots              0.194180     -0.139596   0.148298  -0.061868  0.267881   \n",
       "hyellowCards        1.000000      0.167710   0.127756   0.156990  0.364339   \n",
       "ayellowCards        0.167710      1.000000   0.043560   0.115910  0.108134   \n",
       "hredCards           0.127756      0.043560   1.000000   0.157497  0.100574   \n",
       "aredCards           0.156990      0.115910   0.157497   1.000000  0.077490   \n",
       "hfouls              0.364339      0.108134   0.100574   0.077490  1.000000   \n",
       "afouls              0.134052      0.347059   0.055845   0.126437  0.443330   \n",
       "hsaves              0.165746     -0.077995   0.092903  -0.008682  0.171628   \n",
       "asaves             -0.093001      0.096608  -0.084449   0.109837  0.008679   \n",
       "\n",
       "                  afouls    hsaves    asaves  \n",
       "year           -0.137083 -0.229639 -0.242701  \n",
       "hgoals         -0.022653 -0.232503  0.212607  \n",
       "agoals         -0.109305  0.210595 -0.234592  \n",
       "hPossesion      0.209454 -0.092559  0.312947  \n",
       "aPossesion      0.110077  0.316909 -0.130955  \n",
       "hshotsOnTarget  0.160964 -0.127242  0.810094  \n",
       "ashotsOnTarget  0.070760  0.812502 -0.138301  \n",
       "hshots          0.189131 -0.206361  0.663652  \n",
       "ashots          0.099847  0.649522 -0.183229  \n",
       "hyellowCards    0.134052  0.165746 -0.093001  \n",
       "ayellowCards    0.347059 -0.077995  0.096608  \n",
       "hredCards       0.055845  0.092903 -0.084449  \n",
       "aredCards       0.126437 -0.008682  0.109837  \n",
       "hfouls          0.443330  0.171628  0.008679  \n",
       "afouls          1.000000  0.071003  0.150262  \n",
       "hsaves          0.071003  1.000000 -0.023577  \n",
       "asaves          0.150262 -0.023577  1.000000  "
      ]
     },
     "execution_count": 8,
     "metadata": {},
     "output_type": "execute_result"
    }
   ],
   "source": [
    "corr=football.corr()\n",
    "corr"
   ]
  },
  {
   "cell_type": "code",
   "execution_count": 9,
   "id": "8dc85b3a",
   "metadata": {},
   "outputs": [],
   "source": [
    "X=pd.DataFrame(football,columns = ['hPossesion','hshotsOnTarget','hsaves'])\n",
    "y=pd.DataFrame(football, columns = ['hgoals'])\n",
    "\n",
    "X_train, X_test, y_train, y_test = train_test_split(X, y, random_state=3)"
   ]
  },
  {
   "cell_type": "code",
   "execution_count": 16,
   "id": "20de1923",
   "metadata": {},
   "outputs": [
    {
     "name": "stdout",
     "output_type": "stream",
     "text": [
      "[0.70545143]\n",
      "[[-0.00074728  0.23533693 -0.09905266]]\n",
      "0.2911752418255249\n"
     ]
    }
   ],
   "source": [
    "from sklearn.linear_model import LinearRegression\n",
    "# Create linear regression model\n",
    "lin_reg_mod = LinearRegression()\n",
    "# Fit linear regression\n",
    "lin_reg_mod.fit(X_train, y_train)\n",
    "# Make prediction on the testing data\n",
    "pred = lin_reg_mod.predict(X_test)\n",
    "print(lin_reg_mod.intercept_)\n",
    "from sklearn.metrics import mean_squared_error\n",
    "from sklearn.metrics import r2_score\n",
    "print(lin_reg_mod.coef_)\n",
    "test_set_r2 = r2_score(y_test, pred)\n",
    "print(test_set_r2)"
   ]
  }
 ],
 "metadata": {
  "kernelspec": {
   "display_name": "Python 3 (ipykernel)",
   "language": "python",
   "name": "python3"
  },
  "language_info": {
   "codemirror_mode": {
    "name": "ipython",
    "version": 3
   },
   "file_extension": ".py",
   "mimetype": "text/x-python",
   "name": "python",
   "nbconvert_exporter": "python",
   "pygments_lexer": "ipython3",
   "version": "3.9.12"
  }
 },
 "nbformat": 4,
 "nbformat_minor": 5
}
